# complex[160]  /local-local/u-gf-d-gi/t00x16y34z53/gf05/gi05/px0py0pz0
 -1.4060058721240927e+00	 -2.3585078686749289e-19
 -2.8644576868854210e-01	  2.1044715479208025e-19
 -1.5325155191613374e-01	 -2.9744502351932908e-20
 -1.1365716374922222e-01	 -5.2100834744738030e-21
 -9.9380956817298916e-02	 -2.7273696910264328e-21
 -9.3773337798843642e-02	 -1.5295712223064323e-21
 -8.8749150452152245e-02	 -3.4129027546510980e-22
 -8.1265986996481354e-02	  3.3685341930715667e-22
 -7.2737262356134563e-02	  2.3423116784791154e-23
 -6.5543434679959045e-02	  2.0100584327073425e-23
 -5.9389005394486036e-02	  8.2373487935730971e-23
 -5.4163128570466568e-02	  2.1899828097609514e-22
 -5.0331819476256201e-02	 -4.8470772288907364e-22
 -4.7471943142919415e-02	 -6.2607603804578573e-22
 -4.4707987581098903e-02	 -2.5083361522271159e-22
 -4.2831766395209747e-02	 -4.9666235583315098e-22
 -4.1085771580027346e-02	  5.9284594095685862e-22
 -3.8945248679697148e-02	  2.3642924751374984e-24
 -3.6503849422856678e-02	 -1.3892510858110372e-22
 -3.4063310292925975e-02	  2.5236636714191920e-22
 -3.2027154995637686e-02	 -2.8645472288794550e-23
 -3.0384293624963130e-02	  1.8584667108545852e-22
 -2.9008673039637011e-02	  1.0432167866033348e-22
 -2.8014459825474229e-02	  3.7352513168537281e-22
 -2.7134983162833654e-02	 -6.0407432288632882e-24
 -2.6067673619112493e-02	  3.7842769650349551e-23
 -2.4764557951190293e-02	 -3.6831828052648514e-23
 -2.3525222906828670e-02	 -1.6913735057167838e-22
 -2.2472618604998683e-02	 -5.6213982301604173e-23
 -2.1849999954687220e-02	  2.4750360651644431e-23
 -2.1356159281820990e-02	  8.4657861609962777e-23
 -2.0830690017267357e-02	  3.1503635200171444e-23
 -2.0047697126913164e-02	  6.3687534459651476e-23
 -1.9249545931283096e-02	  4.8331960867352375e-23
 -1.8583775774606934e-02	 -7.2327448701916027e-23
 -1.7993688633967768e-02	  4.4004901741776279e-23
 -1.7509858608039285e-02	  1.2153117495285910e-22
 -1.7191387117830425e-02	 -6.8184201097997686e-23
 -1.6883059530295241e-02	 -1.6365296141214162e-22
 -1.6605107275713970e-02	 -8.5478884321589511e-23
 -1.6360990879932657e-02	  5.6286377159408990e-23
 -1.6125139908423833e-02	 -4.7145289632568834e-23
 -1.5865376601298220e-02	  9.8023550468619388e-23
 -1.5530384473606561e-02	 -7.4186786648747631e-24
 -1.4994521438089114e-02	 -2.4826554011322927e-22
 -1.4359685229777621e-02	  4.3697089960265426e-23
 -1.3513328134896188e-02	 -3.6443270859807805e-23
 -1.2779311605548488e-02	  1.0571040652324467e-22
 -1.2186231831741830e-02	 -5.2188168787488236e-24
 -1.1617461235289070e-02	  9.7397354154219623e-23
 -1.1059974849880434e-02	 -1.1162264794553451e-22
 -1.0446474440309352e-02	 -1.1515895645860132e-22
 -9.7578167031668918e-03	 -1.0957611023141000e-22
 -9.1280975684098521e-03	 -3.0834940502810255e-23
 -8.6426276768576463e-03	 -6.0715367753594221e-23
 -8.1958114530970537e-03	  1.6699955832146842e-23
 -7.7857391502537798e-03	 -1.7037270021908775e-23
 -7.4619764812375094e-03	  5.6366937823600553e-23
 -7.0929762158170387e-03	  2.1545838992854020e-23
 -6.8181702461866736e-03	  4.1465776251997119e-23
 -6.6083658027716171e-03	 -1.4264063400156079e-23
 -6.4866988109161354e-03	  9.0949387911391689e-23
 -6.3971685688048790e-03	 -7.2576411280364564e-23
 -6.3503723230548858e-03	  2.4772146881397619e-23
 -6.3720744262199076e-03	  8.8188702343738329e-23
 -6.2798880254534579e-03	  4.2462356092014092e-23
 -6.1017198775327949e-03	  1.5210918027186100e-23
 -5.8621627499654029e-03	  6.1070636463515661e-23
 -5.6149041724268562e-03	 -7.0283155398244113e-24
 -5.4194965265771146e-03	  7.2796789058217777e-23
 -5.3368116977190252e-03	 -2.9834621931616454e-23
 -5.2871241163834071e-03	  3.2913978486758692e-23
 -5.2160522481866749e-03	  1.6656801933433972e-23
 -5.1129389093279931e-03	 -1.1322749216555626e-23
 -5.0190675520493909e-03	 -6.5972486630518619e-23
 -4.9360875948565655e-03	 -1.7844471454762454e-24
 -4.8250233444593754e-03	 -3.4384205564264087e-23
 -4.7562977789521420e-03	 -9.0471886980175515e-23
 -4.7113600453198914e-03	 -2.4263655446764175e-23
 -4.6617981442000772e-03	 -4.1854161411533564e-23
 -4.6875378709749027e-03	  3.6469622808628589e-23
 -4.7778060152792795e-03	  1.0443759655288170e-23
 -4.9081217083511066e-03	  3.4227925862368397e-23
 -5.0396950357226404e-03	  3.9762013638606804e-24
 -5.1760032043357083e-03	  4.5246551123942596e-24
 -5.3023387901020413e-03	  4.0304095226676537e-23
 -5.3769122793394910e-03	 -1.7650532283446142e-23
 -5.4123583719939052e-03	  1.5816627035434424e-23
 -5.4315356238341401e-03	  1.0476637534810486e-23
 -5.3705237746960819e-03	 -9.0443321414743021e-23
 -5.3511555527951098e-03	  3.1048114956135413e-23
 -5.3879612625954924e-03	 -3.0512474881090277e-24
 -5.4116474299106664e-03	 -7.4828206226357250e-24
 -5.5324191938341660e-03	 -8.2400089289683146e-23
 -5.7216977279426276e-03	 -1.1713709681499311e-22
 -5.9142884436740508e-03	  1.5919997522561912e-23
 -6.1744236375478618e-03	 -6.7006804344333748e-24
 -6.4511328046769154e-03	 -8.9349141062474508e-24
 -6.7890120648971168e-03	 -1.1940477691619955e-23
 -7.1704937978286443e-03	 -3.6973520173830251e-23
 -7.4814172772398845e-03	 -2.4269031627602576e-24
 -7.7595819181385597e-03	  1.8163767865242031e-23
 -8.0584686617040015e-03	  3.5289202042441942e-23
 -8.4433554550012446e-03	 -2.8820939275703662e-23
 -8.8931230046396421e-03	 -3.6120503948285538e-23
 -9.3906936079421431e-03	 -1.4141652015730040e-22
 -9.9362485877495816e-03	 -8.3355775275593036e-24
 -1.0503840032005829e-02	 -5.7505942960166526e-23
 -1.1071044384503974e-02	  4.6163525670765501e-23
 -1.1623069532495579e-02	  2.8335263774990438e-23
 -1.2183172671460248e-02	  1.5413881808141697e-22
 -1.2743927532068301e-02	  2.6391195107229386e-23
 -1.3375320979550784e-02	 -2.9198715863892740e-23
 -1.3942791948743569e-02	 -1.3583584760595529e-23
 -1.4531160779179732e-02	  1.2924603458637775e-22
 -1.5229789170450522e-02	 -4.3062810135656838e-23
 -1.5848861333462833e-02	 -1.2274216435403096e-22
 -1.6651383585084514e-02	 -1.7870182034047636e-24
 -1.7345216043555951e-02	 -4.0515368785691676e-23
 -1.8095540393780824e-02	  2.2153994191150163e-22
 -1.8715610244724377e-02	  6.6478407380794295e-23
 -1.9590071226977618e-02	 -4.5291142777774199e-23
 -2.0854623826811098e-02	  1.8246654573599104e-22
 -2.2051419515281792e-02	 -2.4076209256882412e-23
 -2.3260688967971881e-02	  2.2200645967098757e-23
 -2.4231874980784406e-02	  1.8138227908321320e-22
 -2.5288310016866246e-02	  2.2221850447079033e-23
 -2.6750233098000127e-02	 -2.0603677504727450e-22
 -2.8572998837672794e-02	  1.9485616066884250e-23
 -3.0248197055292060e-02	 -1.4174543491256116e-22
 -3.1820304771361219e-02	  1.6719570731727446e-22
 -3.3400407657532868e-02	 -2.6461556557576959e-23
 -3.5112826032251125e-02	 -1.6351125977008833e-22
 -3.6774430215004858e-02	  5.8582296580421513e-23
 -3.8478066400382142e-02	  2.7077135560442136e-22
 -3.9996727752791318e-02	  2.6872083218196533e-22
 -4.1785250705379431e-02	 -2.4320605618323111e-22
 -4.4000772997780636e-02	  1.2221950732086292e-22
 -4.6186333365583712e-02	 -1.9440294228197938e-22
 -4.8672193226460693e-02	 -6.1838210194225451e-22
 -5.1251268966389776e-02	  2.7456249966949959e-22
 -5.4117533107849551e-02	 -1.2685744053524732e-22
 -5.7224586547473429e-02	  1.4462547692113457e-22
 -6.0041683493923206e-02	  5.1660670548797025e-22
 -6.2175155448932658e-02	  9.4917728679499876e-22
 -6.4558058917193378e-02	  3.8279733122465020e-22
 -6.7416641052983561e-02	 -2.8004856737755079e-22
 -7.1083256299943998e-02	  7.9088675166305400e-22
 -7.4546639905714571e-02	  4.8192868052506478e-22
 -7.8258643237867909e-02	  9.2726915508022608e-23
 -8.1949139073077840e-02	  1.0744666367323618e-21
 -8.3188771768430564e-02	  1.9757794700439779e-22
 -8.3171258968872536e-02	  6.8065771795470043e-22
 -8.4010549465019665e-02	 -4.5818876065713984e-22
 -8.4987990135524452e-02	  2.3270375188584348e-22
 -8.7501512553908367e-02	  5.7274838065462197e-22
 -9.2204193562581610e-02	  7.6162946780920601e-22
 -1.0314060071488212e-01	  4.5103415543059461e-22
 -1.3382871872661822e-01	 -1.7407134836024623e-20
 -2.5241196367924951e-01	 -6.5267923410630541e-22
